0  task_1  1  11.724856  72.283020  0.794884  0  241  0  0  0  21 
1  task_2  0  48.933075  9.173625  8.816236  0  34  0  0  0  21 
2  task_3  0  0.595268  40.784882  8.217113  0  27  0  0  0  21 
3  task_4  0  2.404927  74.122734  9.534534  0  168  0  0  0  21 
4  task_5  2  29.679462  47.332199  3.758165  0  225  0  0  0  21 
5  task_6  0  98.556343  52.415039  1.024886  0  11  0  0  0  21 
6  task_7  2  90.844902  89.329765  3.355565  0  177  0  0  0  21 
7  task_8  2  5.371931  55.260246  4.924368  0  230  0  0  0  21 
8  task_9  2  90.231667  33.922630  3.899340  0  83  0  0  0  21 
0  task_1  2  38.716774  6.591360  5.495227  0  223  0  0  0  21 
1  task_2  0  29.138556  37.148636  9.143910  0  83  0  0  0  21 
2  task_3  2  57.503860  68.115524  8.467888  0  72  0  0  0  21 
3  task_4  0  32.357712  70.411598  3.743055  0  106  0  0  0  21 
4  task_5  0  80.709297  61.412018  1.643417  0  161  0  0  0  21 
5  task_6  2  83.494400  0.859024  1.293564  0  237  0  0  0  21 
6  task_7  2  53.419418  25.543579  8.273604  0  149  0  0  0  21 
7  task_8  2  51.387711  3.174629  1.646464  0  219  0  0  0  21 
8  task_9  2  23.518894  25.177187  7.124138  0  215  0  0  0  21 
9  task_10  2  3.321342  88.085602  6.068832  0  135  0  0  0  21 
10  task_11  0  6.500224  52.034176  6.341268  0  153  0  0  0  21 
11  task_12  0  69.413841  64.357353  8.764625  0  251  0  0  0  21 
12  task_13  1  98.299187  63.680222  8.312517  0  66  0  0  0  21 
13  task_14  0  16.519636  87.787560  9.995124  0  154  0  0  0  21 
14  task_15  2  88.913116  27.548569  7.063591  0  34  0  0  0  21 
15  task_16  0  55.922813  95.918610  2.365307  0  49  0  0  0  21 
16  task_17  1  94.750206  15.407022  2.048406  0  238  0  0  0  21 
17  task_18  0  12.403756  1.121181  7.607005  0  33  0  0  0  21 
18  task_19  2  15.198263  62.011917  2.158595  0  70  0  0  0  21 
19  task_20  2  3.937086  59.073853  9.291800  0  243  0  0  0  21 
