0 task_1 1 11 -20.000000 20.000000 2.000000 12 -40.000000 20.000000 2.000000 0 21 0 0 0 21
1  task_2  2  13 -60.000000  20.000000  2.000000  14 -80.000000  25.000000  2.000000  0  52  0  0  0  21 
2  task_3  0  18 -160.000000  30.000000  2.000000  19 -180.000000  30.000000  2.000000  0  44  0  0  0  21 
3  task_4  2  17 -140.000000  30.000000  2.000000  18 -160.000000  30.000000  2.000000  0  33  0  0  0  21 
4  task_5  0  4 120.000000  15.000000  2.000000  5 100.000000  15.000000  2.000000  0  45  0  0  0  21 
5  task_6  1  1 180.000000  15.000000  2.000000  2 160.000000  15.000000  2.000000  0  55  0  0  0  21 
6  task_7  0  6 80.000000  25.000000  2.000000  7 60.000000  25.000000  2.000000  0  22  0  0  0  21 
7  task_8  0  5 100.000000  15.000000  2.000000  6 80.000000  25.000000  2.000000  0  60  0  0  0  21 
8  task_9  1  10 0.000000  20.000000  2.000000  11 -20.000000  20.000000  2.000000  0  27  0  0  0  21 
9  task_10  0  12 -40.000000  20.000000  2.000000  13 -60.000000  20.000000  2.000000  0  60  0  0  0  21 
10  task_11  1  6 80.000000  25.000000  2.000000  7 60.000000  25.000000  2.000000  0  38  0  0  0  21 
11  task_12  1  1 180.000000  15.000000  2.000000  2 160.000000  15.000000  2.000000  0  37  0  0  0  21 
12  task_13  0  20 -200.000000  30.000000  2.000000  21 0.000000  0.000000  0.000000  0  53  0  0  0  21 
13  task_14  0  5 100.000000  15.000000  2.000000  6 80.000000  25.000000  2.000000  0  48  0  0  0  21 
14  task_15  2  16 -120.000000  30.000000  2.000000  17 -140.000000  30.000000  2.000000  0  28  0  0  0  21 
15  task_16  0  12 -40.000000  20.000000  2.000000  13 -60.000000  20.000000  2.000000  0  53  0  0  0  21 
16  task_17  0  14 -80.000000  25.000000  2.000000  15 -100.000000  30.000000  2.000000  0  33  0  0  0  21 
17  task_18  0  7 60.000000  25.000000  2.000000  8 40.000000  25.000000  2.000000  0  24  0  0  0  21 
18  task_19  1  18 -160.000000  30.000000  2.000000  19 -180.000000  30.000000  2.000000  0  28  0  0  0  21 
19  task_20  0  4 120.000000  15.000000  2.000000  5 100.000000  15.000000  2.000000  0  23  0  0  0  21 
