0 subtask_1 Deck 16 -120.000000 30.000000 2.000000 17 -140.000000 30.000000 2.000000 camera 1020 1606
1 subtask_2 Deck 17 -140.000000 30.000000 2.000000 18 -150.000000 30.000000 2.000000 camera 1320 1447
2 subtask_3 Deck 20 -170.000000 30.000000 2.000000 18 -150.000000 30.000000 0.000000 camera 450 680
3 subtask_4 Deck 13 -60.000000 20.000000 2.000000 14 -80.000000 25.000000 2.000000 camera 1466 1704
4 subtask_5 Deck 10 0.000000 20.000000 2.000000 11 -20.000000 20.000000 2.000000 camera 1378 1781
5 subtask_6 Deck 17 -140.000000 30.000000 2.000000 18 -150.000000 30.000000 2.000000 camera 493 1615
6 task_7 Deck 6 80.000000 25.000000 2.000000 7 60.000000 25.000000 2.000000 camera 318 345
7 task_8 Deck 7 60.000000 25.000000 2.000000 8 40.000000 25.000000 2.000000 camera 1067 1496
8 task_9 Deck 8 40.000000 25.000000 2.000000 9 20.000000 20.000000 2.000000 camera 1312 1716
9 task_10 Deck 2 150.000000 15.000000 2.000000 3 140.000000 15.000000 2.000000 camera 106 300
10 task_11 Deck 3 140.000000 15.000000  2.000000 4 120.000000 15.000000 2.000000 camera 1126 1430
11 task_12 Deck 11 -20.000000 20.000000 2.000000 12 -40.000000 20.000000 2.000000 camera 455 1180
12 task_13 Deck 13 -60.000000 20.000000 2.000000 14 -80.000000 25.000000 2.000000 camera 579 759
13 task_14 Deck 2 150.000000 15.000000 2.000000 3 140.000000 15.000000 2.000000 camera 287 732
14 task_15 Deck 17 -140.000000 30.000000 2.000000 18 -160.000000 30.000000 2.000000 camera 704 890
15 task_16 Deck 16 -120.000000 30.000000 2.000000 17 -140.000000 30.000000 2.000000 camera 598 819
16 task_17 Deck 6 80.000000 25.000000 2.000000 7 60.000000 25.000000 2.000000 camera 1426 1514
17 task_18 Deck 19 -160.000000 30.000000 2.000000 20 -170.000000 30.000000 2.000000 camera 399 604
18 task_19 Deck 12 -40.000000 20.000000 2.000000 13 -60.000000 20.000000 2.000000 camera 100 300
