设施名称---设施id---(minx,maxx)---(miny,maxy)---(minz,maxz)---Obstacles(每个障碍物8个顶点)
Bridge0 0 (424.1,492.7) (260.9,313.1) (0,40) (442.7,277.3,30),(447.3,269.4,30),(445.7,268.5,30),(441.1,276.4,30),(442.7,277.3,0),(447.3,269.4,0),(445.7,268.5,0),(441.1,276.4,0)
Bridge1 1 (474,651.8) (277.6,416.84) (0,50) (512.5,316.4,30.0),(517.1,308.5,30.0),(515.5,307.6,30.0),(510.9,315.5,30.0),(512.5,316.4,0.0),(517.1,308.5,0.0),(515.5,307.6,0.0),(510.9,315.5,0.0)
Bridge2 2 (1320.4,1702.9) (748.9,993.2) (0,50) (1359.3,807.3,40.0),(1372.7,784.1,40.0),(1363.8,778.9,40.0),(1350.4,802.2,40.0),(1359.3,807.3,0.0),(1372.7,784.1,0.0),(1363.8,778.9,0.0),(1350.4,802.2,0.0)
Road0 0 (2397,2513) (1330,1457) (5,47) (2428,1361,15.15),(2495,1404,14.93),(2483,1427,15),(2416,1383,15),(2420,1370,37),(2490,1417,37),(2483,1427,37),(2416,1383,37)
Road1 1 (2550,2815) (1450,1683) (5,47) (2608,1480,15),(2785,1606,15),(2756,1653,15),(2580,1525,15),(2601,1491,37),(2777,1617,37),(2762,1638,37),(2586,1513,37)
Road2 2 (2807,2930) (1626,1744) (5,47) (2852,1656,15),(2900,1693,15),(2886,1714,15),(2837,1677,15),(2845,1667,37),(2894,1704,37),(2886,1714,37),(2837,1677,37)
Slope0 0 (2972,3133) (1745,1894) (12,37) (3046.86,1791,13.6),(3103,1833,13.6),(3098,1841,14.5),(3041,1798,14.5),(3046.86,1791,12),(3103,1833,12),(3098,1841,15),(3041,1798,15)
Slope1 1 (3119,3281) (1847,2002) (12,37) (3159,1888,15),(3243,1952,15),(3227,1972,15),(3149,1912,15),(3158,1903,37),(3234,1962,37) ,(3227,1972,37),(3149,1912,37)
Slope2 2 (3276,3419) (1967,2104) (11.5,37) (3320,2012,15),(3378,2056,15),(3360,2074,15),(3306,2033,15),(3314,2023,37),(3367,2065,37),(3360,2074,37),(3306,2033,37)
