0 142 80 25 25
1 242 145 27 27
2 342 205 27 27
3 440 264 30 30
4 488 290 30 30
5 513 305 30 30
6 625 367 30 30
7 725 420 30 30
8 825 480 32 32
9 925 530 35 35
10 1025 585 37 37
11 1125 640 37 37
12 1225 700 38 38
13 1300 740 39 39
14 1353 777 40 40
15 1658 947 40 40
16 1787 1010 40 40
17 1857 1050 41 41
18 1925 1090 42 42
19 2000 1130 43 43
20 2100 1180 42 42
21 2200 1240 40 40
22 2350 1320 38 38
23 2400 1350 37 37
24 2500 1420 38 38
25 2600 1480 38 38
26 2800 1620 38 38
27 2850 1660 38 38
28 2900 1700 38 38
29 2950 1740 38 38
30 3000 1784 37 37
31 3100 1859 37 37
32 3150 1895 39 39
33 3250 1975 39 39
34 3300 2010 39 39
35 3400 2080 39 39
